Version 0.9.7
7
 4 10 175 77 128 0 1
 5 414 400 206 81 2 2
 0 124 164 877 276 8 3
 1 219 28 206 81 142 4
 1 191 509 206 81 152 5
 6 550 0 449 130 162 6
 3 513 479 203 58 195 7
 0
43
 255 5 71 189 71 189 71 123 177 123 177 178 177 178 0 1 0 3
 255 5 71 202 71 202 97 202 97 412 177 412 177 412 0 1 0 3
 65793 5 71 288 71 288 71 425 71 425 177 425 177 425 0 1 0 3
 65793 5 71 275 71 275 89 275 89 191 177 191 177 191 0 1 0 3
 65793 5 190 425 190 425 190 578 190 578 206 578 206 578 0 3 0 5
 65793 5 229 191 229 191 234 191 234 191 234 97 234 97 0 3 0 4
 255 5 190 178 190 178 190 39 190 39 234 39 234 39 0 3 0 4
 255 5 203 412 203 412 206 412 206 412 206 520 206 520 0 3 0 5
 255 5 268 230 268 230 268 230 268 178 268 178 268 178 0 3 0 3
 0 5 411 425 411 425 411 425 411 373 411 373 411 373 0 3 0 3
 16776960 5 333 373 333 373 380 373 380 373 380 520 380 520 0 3 0 5
 16776960 5 361 520 361 520 361 373 361 373 320 373 320 373 0 5 0 3
 16776960 5 342 520 342 520 342 373 342 373 307 373 307 373 0 5 0 3
 16776960 5 294 373 294 373 294 402 323 402 323 520 323 520 0 3 0 5
 8388863 5 304 520 304 520 304 408 281 408 281 334 281 334 0 5 0 3
 8388863 5 281 269 281 269 249 269 249 418 285 418 285 520 0 3 0 5
 8388863 5 307 269 307 202 242 202 242 426 266 426 266 520 0 3 0 5
 8388863 5 333 269 333 269 333 188 247 188 247 520 247 520 0 3 0 5
 65535 5 268 334 228 334 228 6 408 6 408 39 408 39 0 3 0 4
 65535 5 294 230 246 230 246 13 389 13 389 39 389 39 0 3 0 4
 65535 5 320 230 320 230 320 20 370 20 370 39 370 39 0 3 0 4
 65535 5 346 230 346 230 322 230 322 29 351 29 351 39 0 3 0 4
 255 5 580 178 580 178 566 178 566 178 566 27 566 27 0 3 0 6
 255 5 723 178 723 178 723 178 723 230 723 230 723 230 0 3 0 3
 0 5 814 373 814 373 814 373 814 425 814 425 814 425 0 3 0 3
 4259584 5 762 230 762 230 762 129 899 129 899 123 899 123 0 3 0 6
 4259584 5 775 230 775 230 775 135 912 135 912 123 912 123 0 3 0 6
 4259584 5 788 230 788 230 788 147 925 147 925 123 925 123 0 3 0 6
 4259584 5 801 230 801 230 801 177 938 177 938 123 938 123 0 3 0 6
 4259584 5 951 123 951 123 951 189 814 189 814 230 814 230 0 6 0 3
 4259584 5 736 230 736 230 736 153 964 153 964 123 964 123 0 3 0 6
 4259584 5 749 230 749 230 749 141 977 141 977 123 977 123 0 3 0 6
 16711680 5 372 347 372 347 372 342 801 342 801 347 801 347 0 3 0 3
 16711680 5 385 347 385 347 385 354 723 354 723 347 723 347 0 3 0 3
 16711680 5 398 347 398 347 398 366 744 366 744 347 736 347 0 3 0 3
 16711680 5 788 347 788 347 788 325 411 325 411 269 411 269 0 3 0 3
 4227072 5 801 373 801 373 801 522 699 522 699 523 699 523 0 3 0 7
 4227072 5 723 373 723 373 723 546 679 546 679 523 679 523 0 3 0 7
 4227072 5 659 523 659 523 659 556 736 556 736 373 736 373 0 7 0 3
 4227072 5 788 373 788 373 788 564 639 564 639 523 639 523 0 3 0 7
 0 5 489 425 489 425 489 516 489 516 524 516 524 516 0 3 0 7
 16711808 5 346 347 346 347 346 46 275 46 275 39 275 39 0 3 0 4
 16711808 5 294 39 303 39 303 115 359 115 359 347 359 347 0 4 0 3
2
 7181 1 24 262 282 5 0 0 7312 3
 7047 1 16 717 282 5 0 0 7312 3
