Version 0.9.7
5
 4 8 229 77 128 0 1
 5 80 400 206 81 2 2
 1 396 506 206 81 140 4
 3 88 589 203 58 160 6
 0 150 150 877 276 169 7
 0
19
 255 5 69 243 69 243 69 177 69 177 203 177 203 177 0 1 0 7
 65793 5 69 342 69 342 69 398 69 398 203 398 203 398 0 1 0 7
 65793 5 203 411 203 411 201 411 201 577 411 577 411 575 0 7 0 4
 255 5 411 517 411 517 52 517 52 282 69 282 69 282 0 4 0 1
 255 5 424 255 424 255 424 255 69 255 69 256 69 256 0 7 0 1
 8453888 5 502 229 502 167 1176 167 1176 520 585 520 585 517 0 7 0 4
 16744448 5 476 242 476 191 1129 191 1129 505 566 505 566 517 0 7 0 4
 4194432 5 463 255 463 212 1057 212 1057 490 547 490 547 517 0 7 0 4
 65793 5 515 346 515 346 540 346 540 398 515 398 515 398 0 7 0 7
 16776960 5 437 255 437 238 1026 238 1026 458 528 458 528 517 0 7 0 4
 65535 5 489 229 489 221 948 221 948 411 490 411 490 530 0 7 0 4
 16744703 5 515 242 515 245 980 245 980 440 509 440 509 517 0 7 0 4
 8388736 5 450 229 450 229 388 229 388 473 471 473 471 517 0 7 0 4
 16777215 5 424 346 424 346 441 346 441 517 452 517 452 517 0 7 0 4
 65793 5 281 411 281 411 390 411 390 626 99 626 99 626 0 7 0 6
 10526880 5 476 320 476 320 136 320 136 633 134 633 134 633 0 7 0 6
 255 5 489 333 489 333 158 333 158 633 154 633 154 633 0 7 0 6
 12615680 5 502 346 502 346 175 346 175 633 174 633 174 633 0 7 0 6
 12615680 5 255 411 255 411 255 411 255 398 255 398 255 398 0 7 0 7
1
 7085 1 16 418 268 5 0 0 8583448 7
