Version 0.9.7
5
 4 10 175 77 128 0 1
 5 80 400 206 81 2 2
 0 110 110 877 276 8 3
 1 273 452 206 81 140 4
 3 378 35 203 58 150 5
 0
23
 255 5 71 189 71 189 71 124 71 124 163 124 163 124 0 1 0 3
 255 5 176 137 176 137 176 137 176 124 176 124 176 124 0 3 0 3
 65793 5 71 288 71 288 71 288 71 371 163 371 163 371 0 1 0 3
 65793 5 176 371 176 371 176 371 176 358 176 358 176 358 0 3 0 3
 65793 5 389 72 389 72 58 72 58 381 189 381 189 371 0 5 0 3
 65793 5 288 521 288 521 288 521 215 521 215 371 215 371 0 4 0 3
 255 5 71 202 71 202 28 202 28 463 288 463 288 463 0 1 0 4
 16777088 5 384 319 384 339 396 339 396 489 405 489 405 489 0 3 0 4
 16777088 5 410 319 410 341 416 341 416 489 424 489 424 489 0 3 0 4
 16777088 5 475 319 475 343 454 343 454 489 443 489 443 489 0 3 0 4
 4194432 5 386 489 386 489 386 162 449 162 449 189 449 189 0 4 0 3
 4194432 5 462 306 462 337 518 337 518 498 367 498 367 489 0 3 0 4
 4194432 5 348 476 348 476 336 476 336 330 423 330 423 280 0 4 0 3
 4194432 5 384 189 384 189 322 189 322 489 329 489 329 489 0 3 0 4
 16777088 5 462 189 462 163 541 163 541 489 462 489 462 489 0 3 0 4
 10485760 5 410 215 410 215 410 79 410 79 424 79 424 79 0 3 0 5
 10485760 5 397 215 394 215 394 71 445 71 445 79 444 79 0 3 0 5
 10485760 5 397 319 397 320 259 320 259 93 464 93 464 79 0 3 0 5
 10485760 5 449 280 449 280 449 105 484 105 484 79 484 79 0 3 0 5
 10485760 5 475 215 475 215 504 215 504 215 504 79 504 79 0 3 0 5
 255 5 436 319 436 319 436 337 189 337 189 137 189 137 0 3 0 3
 65793 5 423 202 423 202 423 202 436 202 436 202 436 202 0 3 0 3
 65793 5 436 189 436 189 202 189 202 189 202 358 202 358 0 3 0 3
1
 7083 1 16 378 228 5 0 0 8583448 3
